#Layer_Color=6321
#
#Feature symbol names
#
$0 r5

#
#Feature attribute names
#

#
#Layer features
#
L 1.305315 2.775 1.344685 2.775 0 P 0
L 1.305315 2.875 1.344685 2.875 0 P 0
L 1.305315 2.975 1.344685 2.975 0 P 0
L 1.305315 3.075 1.344685 3.075 0 P 0
L 1.305315 3.175 1.344685 3.175 0 P 0
L 1.305315 3.275 1.344685 3.275 0 P 0
L 1.305315 3.375 1.344685 3.375 0 P 0
L 1.305315 3.475 1.344685 3.475 0 P 0
L 1.305315 3.575 1.344685 3.575 0 P 0
L 1.305315 3.675 1.344685 3.675 0 P 0
L 1.305315 3.835 1.344685 3.835 0 P 0
L 1.305315 3.935 1.344685 3.935 0 P 0
L 1.305315 4.035 1.344685 4.035 0 P 0
L 1.305315 4.135 1.344685 4.135 0 P 0
L 1.305315 4.235 1.344685 4.235 0 P 0
L 1.305315 4.335 1.344685 4.335 0 P 0
L 1.305315 4.435 1.344685 4.435 0 P 0
L 1.305315 4.535 1.344685 4.535 0 P 0
L 1.325 2.755315 1.325 2.794685 0 P 0
L 1.325 2.855315 1.325 2.894685 0 P 0
L 1.325 2.955315 1.325 2.994685 0 P 0
L 1.325 3.055315 1.325 3.094685 0 P 0
L 1.325 3.155315 1.325 3.194685 0 P 0
L 1.325 3.255315 1.325 3.294685 0 P 0
L 1.325 3.355315 1.325 3.394685 0 P 0
L 1.325 3.455315 1.325 3.494685 0 P 0
L 1.325 3.555315 1.325 3.594685 0 P 0
L 1.325 3.655315 1.325 3.694685 0 P 0
L 1.325 3.815315 1.325 3.854685 0 P 0
L 1.325 3.915315 1.325 3.954685 0 P 0
L 1.325 4.015315 1.325 4.054685 0 P 0
L 1.325 4.115315 1.325 4.154685 0 P 0
L 1.325 4.215315 1.325 4.254685 0 P 0
L 1.325 4.315315 1.325 4.354685 0 P 0
L 1.325 4.415315 1.325 4.454685 0 P 0
L 1.325 4.515315 1.325 4.554685 0 P 0
L 1.486 2.5 1.514 2.5 0 P 0
L 1.5 2.486 1.5 2.514 0 P 0
L 1.694 2.565 1.722 2.565 0 P 0
L 1.708 2.551 1.708 2.579 0 P 0
L 2.395788 1.71 2.443032 1.71 0 P 0
L 2.41941 1.686378 2.41941 1.733622 0 P 0
L 2.533582 1.71 2.580826 1.71 0 P 0
L 2.557204 1.686378 2.557204 1.733622 0 P 0
L 2.671378 1.71 2.718622 1.71 0 P 0
L 2.695 1.686378 2.695 1.733622 0 P 0
L 3.205315 3.135 3.244685 3.135 0 P 0
L 3.205315 3.235 3.244685 3.235 0 P 0
L 3.205315 3.335 3.244685 3.335 0 P 0
L 3.205315 3.435 3.244685 3.435 0 P 0
L 3.205315 3.535 3.244685 3.535 0 P 0
L 3.205315 3.635 3.244685 3.635 0 P 0
L 3.205315 3.735 3.244685 3.735 0 P 0
L 3.205315 3.835 3.244685 3.835 0 P 0
L 3.205315 4.035 3.244685 4.035 0 P 0
L 3.205315 4.135 3.244685 4.135 0 P 0
L 3.205315 4.235 3.244685 4.235 0 P 0
L 3.205315 4.335 3.244685 4.335 0 P 0
L 3.205315 4.435 3.244685 4.435 0 P 0
L 3.205315 4.535 3.244685 4.535 0 P 0
L 3.225 3.115315 3.225 3.154685 0 P 0
L 3.225 3.215315 3.225 3.254685 0 P 0
L 3.225 3.315315 3.225 3.354685 0 P 0
L 3.225 3.415315 3.225 3.454685 0 P 0
L 3.225 3.515315 3.225 3.554685 0 P 0
L 3.225 3.615315 3.225 3.654685 0 P 0
L 3.225 3.715315 3.225 3.754685 0 P 0
L 3.225 3.815315 3.225 3.854685 0 P 0
L 3.225 4.015315 3.225 4.054685 0 P 0
L 3.225 4.115315 3.225 4.154685 0 P 0
L 3.225 4.215315 3.225 4.254685 0 P 0
L 3.225 4.315315 3.225 4.354685 0 P 0
L 3.225 4.415315 3.225 4.454685 0 P 0
L 3.225 4.515315 3.225 4.554685 0 P 0
L 4.005 1.33 4.035 1.33 0 P 0
L 4.005 1.43 4.035 1.43 0 P 0
L 4.005 1.53 4.035 1.53 0 P 0
L 4.005 1.63 4.035 1.63 0 P 0
L 4.005 1.73 4.035 1.73 0 P 0
L 4.005 1.83 4.035 1.83 0 P 0
L 4.005 1.93 4.035 1.93 0 P 0
L 4.005 2.03 4.035 2.03 0 P 0
L 4.005 2.13 4.035 2.13 0 P 0
L 4.005 2.23 4.035 2.23 0 P 0
L 4.005 2.33 4.035 2.33 0 P 0
L 4.005 2.43 4.035 2.43 0 P 0
L 4.02 1.315 4.02 1.345 0 P 0
L 4.02 1.415 4.02 1.445 0 P 0
L 4.02 1.515 4.02 1.545 0 P 0
L 4.02 1.615 4.02 1.645 0 P 0
L 4.02 1.715 4.02 1.745 0 P 0
L 4.02 1.815 4.02 1.845 0 P 0
L 4.02 1.915 4.02 1.945 0 P 0
L 4.02 2.015 4.02 2.045 0 P 0
L 4.02 2.115 4.02 2.145 0 P 0
L 4.02 2.215 4.02 2.245 0 P 0
L 4.02 2.315 4.02 2.345 0 P 0
L 4.02 2.415 4.02 2.445 0 P 0
L 4.245 4.355 4.275 4.355 0 P 0
L 4.246 2.875 4.274 2.875 0 P 0
L 4.26 2.861 4.26 2.889 0 P 0
L 4.26 4.34 4.26 4.37 0 P 0
L 4.345 4.35 4.375 4.35 0 P 0
L 4.36 4.335 4.36 4.365 0 P 0
L 4.673 2.469 4.701 2.469 0 P 0
L 4.687 2.455 4.687 2.483 0 P 0
L 4.785 4.38 4.815 4.38 0 P 0
L 4.8 4.365 4.8 4.395 0 P 0
L 4.8652362 3.555 4.8947638 3.555 0 P 0
L 4.8652362 3.9487 4.8947638 3.9487 0 P 0
L 4.88 3.5402362 4.88 3.5697638 0 P 0
L 4.88 3.9339362 4.88 3.9634638 0 P 0
L 4.885 4.375 4.915 4.375 0 P 0
L 4.9 4.36 4.9 4.39 0 P 0
L 5.365 4.335 5.395 4.335 0 P 0
L 5.38 4.32 5.38 4.35 0 P 0
L 5.465 4.33 5.495 4.33 0 P 0
L 5.4702362 3.495 5.4997638 3.495 0 P 0
L 5.4702362 3.8887 5.4997638 3.8887 0 P 0
L 5.48 4.315 5.48 4.345 0 P 0
L 5.485 3.4802362 5.485 3.5097638 0 P 0
L 5.485 3.8739362 5.485 3.9034638 0 P 0
L 5.965 4.335 5.995 4.335 0 P 0
L 5.98 4.32 5.98 4.35 0 P 0
L 6.0552362 3.5113 6.0847638 3.5113 0 P 0
L 6.0552362 3.905 6.0847638 3.905 0 P 0
L 6.065 1.225 6.105 1.225 0 P 0
L 6.065 1.325 6.105 1.325 0 P 0
L 6.065 1.425 6.105 1.425 0 P 0
L 6.065 4.33 6.095 4.33 0 P 0
L 6.07 3.4965362 6.07 3.5260638 0 P 0
L 6.07 3.8902362 6.07 3.9197638 0 P 0
L 6.08 4.315 6.08 4.345 0 P 0
L 6.085 1.205 6.085 1.245 0 P 0
L 6.085 1.305 6.085 1.345 0 P 0
L 6.085 1.405 6.085 1.445 0 P 0
L 6.616 2.405 6.654 2.405 0 P 0
L 6.616 3.475 6.654 3.475 0 P 0
L 6.62 2.205 6.65 2.205 0 P 0
L 6.62 2.305 6.65 2.305 0 P 0
L 6.62 3.275 6.65 3.275 0 P 0
L 6.62 3.375 6.65 3.375 0 P 0
L 6.635 2.19 6.635 2.22 0 P 0
L 6.635 2.29 6.635 2.32 0 P 0
L 6.635 2.386 6.635 2.424 0 P 0
L 6.635 3.26 6.635 3.29 0 P 0
L 6.635 3.36 6.635 3.39 0 P 0
L 6.635 3.456 6.635 3.494 0 P 0
