#Layer_Color=6321
#
#Feature symbol names
#
$0 r5
$1 r6.6666

#
#Feature attribute names
#

#
#Layer features
#
A 4.04 1.33 4.04 1.33 4.02 1.33 1 P 0 N
A 4.04 1.43 4.04 1.43 4.02 1.43 1 P 0 N
A 4.04 1.53 4.04 1.53 4.02 1.53 1 P 0 N
A 4.04 1.63 4.04 1.63 4.02 1.63 1 P 0 N
A 4.04 1.73 4.04 1.73 4.02 1.73 1 P 0 N
A 4.04 1.83 4.04 1.83 4.02 1.83 1 P 0 N
A 4.04 1.93 4.04 1.93 4.02 1.93 1 P 0 N
A 4.04 2.03 4.04 2.03 4.02 2.03 1 P 0 N
A 4.04 2.13 4.04 2.13 4.02 2.13 1 P 0 N
A 4.04 2.23 4.04 2.23 4.02 2.23 1 P 0 N
A 4.04 2.33 4.04 2.33 4.02 2.33 1 P 0 N
A 4.04 2.43 4.04 2.43 4.02 2.43 1 P 0 N
A 4.28 4.355 4.28 4.355 4.26 4.355 1 P 0 N
A 4.38 4.35 4.38 4.35 4.36 4.35 1 P 0 N
A 4.82 4.38 4.82 4.38 4.8 4.38 1 P 0 N
A 4.92 4.375 4.92 4.375 4.9 4.375 1 P 0 N
A 5.4 4.335 5.4 4.335 5.38 4.335 1 P 0 N
A 5.5 4.33 5.5 4.33 5.48 4.33 1 P 0 N
A 6 4.335 6 4.335 5.98 4.335 1 P 0 N
A 6.1 4.33 6.1 4.33 6.08 4.33 1 P 0 N
A 6.655 2.205 6.655 2.205 6.635 2.205 1 P 0 N
A 6.655 2.305 6.655 2.305 6.635 2.305 1 P 0 N
A 6.655 3.275 6.655 3.275 6.635 3.275 1 P 0 N
A 6.655 3.375 6.655 3.375 6.635 3.375 1 P 0 N
L 1.305 2.795 1.325 2.755 0 P 0
L 1.305 2.795 1.345 2.795 0 P 0
L 1.305 2.895 1.325 2.855 0 P 0
L 1.305 2.895 1.345 2.895 0 P 0
L 1.305 2.995 1.325 2.955 0 P 0
L 1.305 2.995 1.345 2.995 0 P 0
L 1.305 3.095 1.325 3.055 0 P 0
L 1.305 3.095 1.345 3.095 0 P 0
L 1.305 3.195 1.325 3.155 0 P 0
L 1.305 3.195 1.345 3.195 0 P 0
L 1.305 3.295 1.325 3.255 0 P 0
L 1.305 3.295 1.345 3.295 0 P 0
L 1.305 3.395 1.325 3.355 0 P 0
L 1.305 3.395 1.345 3.395 0 P 0
L 1.305 3.495 1.325 3.455 0 P 0
L 1.305 3.495 1.345 3.495 0 P 0
L 1.305 3.595 1.325 3.555 0 P 0
L 1.305 3.595 1.345 3.595 0 P 0
L 1.305 3.695 1.325 3.655 0 P 0
L 1.305 3.695 1.345 3.695 0 P 0
L 1.305 3.855 1.325 3.815 0 P 0
L 1.305 3.855 1.345 3.855 0 P 0
L 1.305 3.955 1.325 3.915 0 P 0
L 1.305 3.955 1.345 3.955 0 P 0
L 1.305 4.055 1.325 4.015 0 P 0
L 1.305 4.055 1.345 4.055 0 P 0
L 1.305 4.155 1.325 4.115 0 P 0
L 1.305 4.155 1.345 4.155 0 P 0
L 1.305 4.255 1.325 4.215 0 P 0
L 1.305 4.255 1.345 4.255 0 P 0
L 1.305 4.355 1.325 4.315 0 P 0
L 1.305 4.355 1.345 4.355 0 P 0
L 1.305 4.455 1.325 4.415 0 P 0
L 1.305 4.455 1.345 4.455 0 P 0
L 1.305 4.555 1.325 4.515 0 P 0
L 1.305 4.555 1.345 4.555 0 P 0
L 1.325 2.755 1.345 2.795 0 P 0
L 1.325 2.855 1.345 2.895 0 P 0
L 1.325 2.955 1.345 2.995 0 P 0
L 1.325 3.055 1.345 3.095 0 P 0
L 1.325 3.155 1.345 3.195 0 P 0
L 1.325 3.255 1.345 3.295 0 P 0
L 1.325 3.355 1.345 3.395 0 P 0
L 1.325 3.455 1.345 3.495 0 P 0
L 1.325 3.555 1.345 3.595 0 P 0
L 1.325 3.655 1.345 3.695 0 P 0
L 1.325 3.815 1.345 3.855 0 P 0
L 1.325 3.915 1.345 3.955 0 P 0
L 1.325 4.015 1.345 4.055 0 P 0
L 1.325 4.115 1.345 4.155 0 P 0
L 1.325 4.215 1.345 4.255 0 P 0
L 1.325 4.315 1.345 4.355 0 P 0
L 1.325 4.415 1.345 4.455 0 P 0
L 1.325 4.515 1.345 4.555 0 P 0
L 1.48 2.48 1.48 2.49 0 P 0
L 1.48 2.48 1.49 2.48 0 P 0
L 1.48 2.49 1.49 2.5 0 P 0
L 1.48 2.51 1.48 2.52 0 P 0
L 1.48 2.51 1.49 2.5 0 P 0
L 1.48 2.52 1.49 2.52 0 P 0
L 1.49 2.48 1.5 2.49 0 P 0
L 1.49 2.52 1.5 2.51 0 P 0
L 1.5 2.49 1.51 2.48 0 P 0
L 1.5 2.51 1.51 2.52 0 P 0
L 1.51 2.48 1.52 2.48 0 P 0
L 1.51 2.5 1.52 2.49 0 P 0
L 1.51 2.5 1.52 2.51 0 P 0
L 1.51 2.52 1.52 2.52 0 P 0
L 1.52 2.48 1.52 2.49 0 P 0
L 1.52 2.51 1.52 2.52 0 P 0
L 1.688 2.545 1.688 2.555 0 P 0
L 1.688 2.545 1.698 2.545 0 P 0
L 1.688 2.555 1.698 2.565 0 P 0
L 1.688 2.575 1.688 2.585 0 P 0
L 1.688 2.575 1.698 2.565 0 P 0
L 1.688 2.585 1.698 2.585 0 P 0
L 1.698 2.545 1.708 2.555 0 P 0
L 1.698 2.585 1.708 2.575 0 P 0
L 1.708 2.555 1.718 2.545 0 P 0
L 1.708 2.575 1.718 2.585 0 P 0
L 1.718 2.545 1.728 2.545 0 P 0
L 1.718 2.565 1.728 2.555 0 P 0
L 1.718 2.565 1.728 2.575 0 P 0
L 1.718 2.585 1.728 2.585 0 P 0
L 1.728 2.545 1.728 2.555 0 P 0
L 1.728 2.575 1.728 2.585 0 P 0
L 2.39941 1.7 2.39941 1.72 0 P 0
L 2.39941 1.7 2.40941 1.7 0 P 0
L 2.39941 1.72 2.40941 1.72 0 P 0
L 2.40941 1.69 2.40941 1.7 0 P 0
L 2.40941 1.69 2.42941 1.69 0 P 0
L 2.40941 1.72 2.40941 1.73 0 P 0
L 2.40941 1.73 2.42941 1.73 0 P 0
L 2.42941 1.69 2.42941 1.7 0 P 0
L 2.42941 1.7 2.43941 1.7 0 P 0
L 2.42941 1.72 2.42941 1.73 0 P 0
L 2.42941 1.72 2.43941 1.72 0 P 0
L 2.43941 1.7 2.43941 1.72 0 P 0
L 2.537204 1.7 2.537204 1.72 0 P 0
L 2.537204 1.7 2.547204 1.7 0 P 0
L 2.537204 1.72 2.547204 1.72 0 P 0
L 2.547204 1.69 2.547204 1.7 0 P 0
L 2.547204 1.69 2.567204 1.69 0 P 0
L 2.547204 1.72 2.547204 1.73 0 P 0
L 2.547204 1.73 2.567204 1.73 0 P 0
L 2.567204 1.69 2.567204 1.7 0 P 0
L 2.567204 1.7 2.577204 1.7 0 P 0
L 2.567204 1.72 2.567204 1.73 0 P 0
L 2.567204 1.72 2.577204 1.72 0 P 0
L 2.577204 1.7 2.577204 1.72 0 P 0
L 2.675 1.7 2.675 1.72 0 P 0
L 2.675 1.7 2.685 1.7 0 P 0
L 2.675 1.72 2.685 1.72 0 P 0
L 2.685 1.69 2.685 1.7 0 P 0
L 2.685 1.69 2.705 1.69 0 P 0
L 2.685 1.72 2.685 1.73 0 P 0
L 2.685 1.73 2.705 1.73 0 P 0
L 2.705 1.69 2.705 1.7 0 P 0
L 2.705 1.7 2.715 1.7 0 P 0
L 2.705 1.72 2.705 1.73 0 P 0
L 2.705 1.72 2.715 1.72 0 P 0
L 2.715 1.7 2.715 1.72 0 P 0
L 3.205 3.155 3.225 3.115 0 P 0
L 3.205 3.155 3.245 3.155 0 P 0
L 3.205 3.255 3.225 3.215 0 P 0
L 3.205 3.255 3.245 3.255 0 P 0
L 3.205 3.355 3.225 3.315 0 P 0
L 3.205 3.355 3.245 3.355 0 P 0
L 3.205 3.455 3.225 3.415 0 P 0
L 3.205 3.455 3.245 3.455 0 P 0
L 3.205 3.555 3.225 3.515 0 P 0
L 3.205 3.555 3.245 3.555 0 P 0
L 3.205 3.655 3.225 3.615 0 P 0
L 3.205 3.655 3.245 3.655 0 P 0
L 3.205 3.755 3.225 3.715 0 P 0
L 3.205 3.755 3.245 3.755 0 P 0
L 3.205 3.855 3.225 3.815 0 P 0
L 3.205 3.855 3.245 3.855 0 P 0
L 3.205 4.055 3.225 4.015 0 P 0
L 3.205 4.055 3.245 4.055 0 P 0
L 3.205 4.155 3.225 4.115 0 P 0
L 3.205 4.155 3.245 4.155 0 P 0
L 3.205 4.255 3.225 4.215 0 P 0
L 3.205 4.255 3.245 4.255 0 P 0
L 3.205 4.355 3.225 4.315 0 P 0
L 3.205 4.355 3.245 4.355 0 P 0
L 3.205 4.455 3.225 4.415 0 P 0
L 3.205 4.455 3.245 4.455 0 P 0
L 3.205 4.555 3.225 4.515 0 P 0
L 3.205 4.555 3.245 4.555 0 P 0
L 3.225 3.115 3.245 3.155 0 P 0
L 3.225 3.215 3.245 3.255 0 P 0
L 3.225 3.315 3.245 3.355 0 P 0
L 3.225 3.415 3.245 3.455 0 P 0
L 3.225 3.515 3.245 3.555 0 P 0
L 3.225 3.615 3.245 3.655 0 P 0
L 3.225 3.715 3.245 3.755 0 P 0
L 3.225 3.815 3.245 3.855 0 P 0
L 3.225 4.015 3.245 4.055 0 P 0
L 3.225 4.115 3.245 4.155 0 P 0
L 3.225 4.215 3.245 4.255 0 P 0
L 3.225 4.315 3.245 4.355 0 P 0
L 3.225 4.415 3.245 4.455 0 P 0
L 3.225 4.515 3.245 4.555 0 P 0
L 4.24 2.855 4.24 2.865 0 P 0
L 4.24 2.855 4.25 2.855 0 P 0
L 4.24 2.865 4.25 2.875 0 P 0
L 4.24 2.885 4.24 2.895 0 P 0
L 4.24 2.885 4.25 2.875 0 P 0
L 4.24 2.895 4.25 2.895 0 P 0
L 4.25 2.855 4.26 2.865 0 P 0
L 4.25 2.895 4.26 2.885 0 P 0
L 4.26 2.865 4.27 2.855 0 P 0
L 4.26 2.885 4.27 2.895 0 P 0
L 4.27 2.855 4.28 2.855 0 P 0
L 4.27 2.875 4.28 2.865 0 P 0
L 4.27 2.875 4.28 2.885 0 P 0
L 4.27 2.895 4.28 2.895 0 P 0
L 4.28 2.855 4.28 2.865 0 P 0
L 4.28 2.885 4.28 2.895 0 P 0
L 4.667 2.449 4.667 2.459 0 P 0
L 4.667 2.449 4.677 2.449 0 P 0
L 4.667 2.459 4.677 2.469 0 P 0
L 4.667 2.479 4.667 2.489 0 P 0
L 4.667 2.479 4.677 2.469 0 P 0
L 4.667 2.489 4.677 2.489 0 P 0
L 4.677 2.449 4.687 2.459 0 P 0
L 4.677 2.489 4.687 2.479 0 P 0
L 4.687 2.459 4.697 2.449 0 P 0
L 4.687 2.479 4.697 2.489 0 P 0
L 4.697 2.449 4.707 2.449 0 P 0
L 4.697 2.469 4.707 2.459 0 P 0
L 4.697 2.469 4.707 2.479 0 P 0
L 4.697 2.489 4.707 2.489 0 P 0
L 4.707 2.449 4.707 2.459 0 P 0
L 4.707 2.479 4.707 2.489 0 P 0
L 4.86 3.545 4.87 3.545 0 P 0
L 4.86 3.545 4.87 3.555 0 P 0
L 4.86 3.565 4.87 3.555 0 P 0
L 4.86 3.565 4.87 3.565 0 P 0
L 4.86 3.9387 4.87 3.9387 0 P 0
L 4.86 3.9387 4.87 3.9487 0 P 0
L 4.86 3.9587 4.87 3.9487 0 P 0
L 4.86 3.9587 4.87 3.9587 0 P 0
L 4.87 3.545 4.88 3.535 0 P 0
L 4.87 3.565 4.88 3.575 0 P 0
L 4.87 3.9387 4.88 3.9287 0 P 0
L 4.87 3.9587 4.88 3.9687 0 P 0
L 4.88 3.535 4.89 3.545 0 P 0
L 4.88 3.575 4.89 3.565 0 P 0
L 4.88 3.9287 4.89 3.9387 0 P 0
L 4.88 3.9687 4.89 3.9587 0 P 0
L 4.89 3.545 4.9 3.545 0 P 0
L 4.89 3.555 4.9 3.545 0 P 0
L 4.89 3.555 4.9 3.565 0 P 0
L 4.89 3.565 4.9 3.565 0 P 0
L 4.89 3.9387 4.9 3.9387 0 P 0
L 4.89 3.9487 4.9 3.9387 0 P 0
L 4.89 3.9487 4.9 3.9587 0 P 0
L 4.89 3.9587 4.9 3.9587 0 P 0
L 5.465 3.485 5.475 3.485 0 P 0
L 5.465 3.485 5.475 3.495 0 P 0
L 5.465 3.505 5.475 3.495 0 P 0
L 5.465 3.505 5.475 3.505 0 P 0
L 5.465 3.8787 5.475 3.8787 0 P 0
L 5.465 3.8787 5.475 3.8887 0 P 0
L 5.465 3.8987 5.475 3.8887 0 P 0
L 5.465 3.8987 5.475 3.8987 0 P 0
L 5.475 3.485 5.485 3.475 0 P 0
L 5.475 3.505 5.485 3.515 0 P 0
L 5.475 3.8787 5.485 3.8687 0 P 0
L 5.475 3.8987 5.485 3.9087 0 P 0
L 5.485 3.475 5.495 3.485 0 P 0
L 5.485 3.515 5.495 3.505 0 P 0
L 5.485 3.8687 5.495 3.8787 0 P 0
L 5.485 3.9087 5.495 3.8987 0 P 0
L 5.495 3.485 5.505 3.485 0 P 0
L 5.495 3.495 5.505 3.485 0 P 0
L 5.495 3.495 5.505 3.505 0 P 0
L 5.495 3.505 5.505 3.505 0 P 0
L 5.495 3.8787 5.505 3.8787 0 P 0
L 5.495 3.8887 5.505 3.8787 0 P 0
L 5.495 3.8887 5.505 3.8987 0 P 0
L 5.495 3.8987 5.505 3.8987 0 P 0
L 6.05 3.5013 6.06 3.5013 0 P 0
L 6.05 3.5013 6.06 3.5113 0 P 0
L 6.05 3.5213 6.06 3.5113 0 P 0
L 6.05 3.5213 6.06 3.5213 0 P 0
L 6.05 3.895 6.06 3.895 0 P 0
L 6.05 3.895 6.06 3.905 0 P 0
L 6.05 3.915 6.06 3.905 0 P 0
L 6.05 3.915 6.06 3.915 0 P 0
L 6.06 3.5013 6.07 3.4913 0 P 0
L 6.06 3.5213 6.07 3.5313 0 P 0
L 6.06 3.895 6.07 3.885 0 P 0
L 6.06 3.915 6.07 3.925 0 P 0
L 6.065 1.205 6.075 1.225 0 P 0
L 6.065 1.205 6.085 1.215 0 P 0
L 6.065 1.245 6.075 1.225 0 P 0
L 6.065 1.245 6.085 1.235 0 P 0
L 6.065 1.305 6.075 1.325 0 P 0
L 6.065 1.305 6.085 1.315 0 P 0
L 6.065 1.345 6.075 1.325 0 P 0
L 6.065 1.345 6.085 1.335 0 P 0
L 6.065 1.405 6.075 1.425 0 P 0
L 6.065 1.405 6.085 1.415 0 P 0
L 6.065 1.445 6.075 1.425 0 P 0
L 6.065 1.445 6.085 1.435 0 P 0
L 6.07 3.4913 6.08 3.5013 0 P 0
L 6.07 3.5313 6.08 3.5213 0 P 0
L 6.07 3.885 6.08 3.895 0 P 0
L 6.07 3.925 6.08 3.915 0 P 0
L 6.08 3.5013 6.09 3.5013 0 P 0
L 6.08 3.5113 6.09 3.5013 0 P 0
L 6.08 3.5113 6.09 3.5213 0 P 0
L 6.08 3.5213 6.09 3.5213 0 P 0
L 6.08 3.895 6.09 3.895 0 P 0
L 6.08 3.905 6.09 3.895 0 P 0
L 6.08 3.905 6.09 3.915 0 P 0
L 6.08 3.915 6.09 3.915 0 P 0
L 6.085 1.215 6.105 1.205 0 P 0
L 6.085 1.235 6.105 1.245 0 P 0
L 6.085 1.315 6.105 1.305 0 P 0
L 6.085 1.335 6.105 1.345 0 P 0
L 6.085 1.415 6.105 1.405 0 P 0
L 6.085 1.435 6.105 1.445 0 P 0
L 6.095 1.225 6.105 1.205 0 P 0
L 6.095 1.225 6.105 1.245 0 P 0
L 6.095 1.325 6.105 1.305 0 P 0
L 6.095 1.325 6.105 1.345 0 P 0
L 6.095 1.425 6.105 1.405 0 P 0
L 6.095 1.425 6.105 1.445 0 P 0
L 6.615 2.385 6.615 2.425 0 P 0
L 6.615 2.385 6.655 2.385 0 P 0
L 6.615 2.425 6.655 2.425 0 P 0
L 6.615 3.455 6.615 3.495 0 P 0
L 6.615 3.455 6.655 3.455 0 P 0
L 6.615 3.495 6.655 3.495 0 P 0
L 6.655 2.385 6.655 2.425 0 P 0
L 6.655 3.455 6.655 3.495 0 P 0
